K_Matrix =

  890.2890         0  642.8371
         0  888.9979  367.8138
         0         0    1.0000


Distortion_k =

    0.1052   -0.2207

# 相机名称
camera_name: "my_camera"
# 图像尺寸 (请根据你标定时的实际分辨率修改，此处假设为1280x720)
image_width: 1280
image_height: 720
# 相机内参矩阵 (3x3)，按行优先排列
camera_matrix:
  rows: 3
  cols: 3
  data: [890.2890, 0.0, 642.8371, 0.0, 888.9979, 367.8138, 0.0, 0.0, 1.0]
# 畸变模型和系数
distortion_model: "plumb_bob" 
distortion_coefficients:
  rows: 1
  cols: 5
  data: [0.1052, -0.2207, 0.0, 0.0, 0.0] # 标准格式为 k1, k2, p1, p2, k3。因为你只估算了 k1, k2，后续用 0 补齐